3.0000 
2.9469 
2.7893 
2.5330 
2.1869 
1.7634 
1.2773 
0.7461 
0.1884 
-0.3760 
-0.9271 
-1.4453 
-1.9123 
-2.3115 
-2.6289 
-2.8532 
-2.9763 
-2.9941 
-2.9057 
-2.7145 
-2.4271 
-2.0536 
-1.6075 
-1.1044 
-0.5621 
0.0000 
0.5621 
1.1044 
1.6075 
2.0536 
2.4271 
2.7145 
2.9058 
2.9941 
2.9763 
2.8532 
2.6289 
2.3115 
1.9123 
1.4453 
0.9271 
0.3760 
-0.1884 
-0.7461 
-1.2773 
-1.7634 
-2.1869 
-2.5330 
-2.7893 
-2.9469 
-3.0000 
-2.9469 
-2.7893 
-2.5330 
-2.1869 
-1.7634 
-1.2773 
-0.7461 
-0.1884 
0.3760 
0.9271 
1.4453 
1.9123 
2.3115 
2.6289 
2.8532 
2.9763 
2.9941 
2.9058 
2.7145 
2.4271 
2.0536 
1.6075 
1.1044 
0.5621 
0.0000 
-0.5621 
-1.1044 
-1.6075 
-2.0536 
-2.4271 
-2.7145 
-2.9058 
-2.9941 
-2.9763 
-2.8532 
-2.6289 
-2.3115 
-1.9123 
-1.4453 
-0.9271 
-0.3760 
0.1884 
0.7461 
1.2773 
1.7634 
2.1869 
2.5330 
2.7893 
2.9469 
3.0000 
0.0000 
 0.5621 
 1.1044 
 1.6075 
 2.0536 
 2.4271 
 2.7145 
 2.9057 
 2.9941 
 2.9763 
 2.8532 
 2.6289 
 2.3115 
 1.9123 
 1.4453 
 0.9271 
 0.3760 
 -0.1884 
 -0.7461 
 -1.2773 
 -1.7634 
 -2.1869 
 -2.5330 
 -2.7893 
 -2.9469 
 -3.0000 
 -2.9469 
 -2.7893 
 -2.5330 
 -2.1869 
 -1.7634 
 -1.2773 
 -0.7461 
 -0.1884 
 0.3760 
 0.9271 
 1.4453 
 1.9123 
 2.3115 
 2.6289 
 2.8532 
 2.9763 
 2.9941 
 2.9057 
 2.7145 
 2.4271 
 2.0536 
 1.6075 
 1.1044 
 0.5621 
 -0.0000 
 -0.5621 
 -1.1044 
 -1.6075 
 -2.0536 
 -2.4271 
 -2.7145 
 -2.9057 
 -2.9941 
 -2.9763 
 -2.8532 
 -2.6289 
 -2.3115 
 -1.9123 
 -1.4453 
 -0.9270 
 -0.3760 
 0.1884 
 0.7461 
 1.2773 
 1.7634 
 2.1869 
 2.5330 
 2.7893 
 2.9469 
 3.0000 
 2.9469 
 2.7893 
 2.5330 
 2.1869 
 1.7634 
 1.2773 
 0.7461 
 0.1884 
 -0.3760 
 -0.9270 
 -1.4453 
 -1.9123 
 -2.3115 
 -2.6289 
 -2.8532 
 -2.9763 
 -2.9941 
 -2.9057 
 -2.7145 
 -2.4271 
 -2.0536 
 -1.6075 
 -1.1044 
 -0.5621 
 0.0000 
 