0.7071 
0.8910 
0.9877 
0.9877 
0.8910 
0.7071 
0.4540 
0.1564 
-0.1564 
-0.4540 
-0.7071 
-0.8910 
-0.9877 
-0.9877 
-0.8910 
-0.7071 
-0.4540 
-0.1564 
0.1564 
0.4540 
0.7071 
0.8910 
0.9877 
0.9877 
0.8910 
0.7071 
0.4540 
0.1564 
-0.1564 
-0.4540 
-0.7071 
-0.8910 
-0.9877 
-0.9877 
-0.8910 
-0.7071 
-0.4540 
-0.1564 
0.1564 
0.4540 
0.7071 
0.8910 
0.9877 
0.9877 
0.8910 
0.7071 
0.4540 
0.1564 
-0.1564 
-0.4540 
-0.7071 
-0.8910 
-0.9877 
-0.9877 
-0.8910 
-0.7071 
-0.4540 
-0.1564 
0.1564 
0.4540 
0.7071 
0.8910 
0.9877 
0.9877 
0.8910 
0.7071 
0.4540 
0.1564 
-0.1564 
-0.4540 
-0.7071 
-0.8910 
-0.9877 
-0.9877 
-0.8910 
-0.7071 
-0.4540 
-0.1564 
0.1564 
0.4540 
0.7071 
0.8910 
0.9877 
0.9877 
0.8910 
0.7071 
0.4540 
0.1564 
-0.1564 
-0.4540 
-0.7071 
-0.8910 
-0.9877 
-0.9877 
-0.8910 
-0.7071 
-0.4540 
-0.1564 
0.1564 
0.4540 
0.7071 
0.0000 
 0.2487 
 0.4818 
 0.6845 
 0.8443 
 0.9511 
 0.9980 
 0.9823 
 0.9048 
 0.7705 
 0.5878 
 0.3681 
 0.1253 
 -0.1253 
 -0.3681 
 -0.5878 
 -0.7705 
 -0.9048 
 -0.9823 
 -0.9980 
 -0.9511 
 -0.8443 
 -0.6845 
 -0.4818 
 -0.2487 
 0.0000 
 0.2487 
 0.4818 
 0.6845 
 0.8443 
 0.9511 
 0.9980 
 0.9823 
 0.9048 
 0.7705 
 0.5878 
 0.3681 
 0.1253 
 -0.1253 
 -0.3681 
 -0.5878 
 -0.7705 
 -0.9048 
 -0.9823 
 -0.9980 
 -0.9511 
 -0.8443 
 -0.6845 
 -0.4818 
 -0.2487 
 0.0000 
 0.2487 
 0.4818 
 0.6845 
 0.8443 
 0.9511 
 0.9980 
 0.9823 
 0.9048 
 0.7705 
 0.5878 
 0.3681 
 0.1253 
 -0.1253 
 -0.3681 
 -0.5878 
 -0.7705 
 -0.9048 
 -0.9823 
 -0.9980 
 -0.9511 
 -0.8443 
 -0.6845 
 -0.4818 
 -0.2487 
 0.0000 
 0.2487 
 0.4818 
 0.6845 
 0.8443 
 0.9511 
 0.9980 
 0.9823 
 0.9048 
 0.7705 
 0.5878 
 0.3681 
 0.1253 
 -0.1253 
 -0.3681 
 -0.5878 
 -0.7705 
 -0.9048 
 -0.9823 
 -0.9980 
 -0.9511 
 -0.8443 
 -0.6845 
 -0.4818 
 -0.2487 
 0.0000 
 